0 0.3702290076335878 0.7982142857142858 0.16793893129770993 0.18928571428571428
0 0.8778625954198473 0.8035714285714286 0.16030534351145037 0.18571428571428572
0 0.12786259541984732 0.09821428571428571 0.14122137404580154 0.16071428571428573
0 0.6240458015267175 0.10178571428571428 0.15648854961832062 0.18214285714285713
0 0.6106870229007634 0.575 0.15267175572519084 0.17857142857142858
0 0.12595419847328243 0.7946428571428571 0.13740458015267176 0.16071428571428573
0 0.366412213740458 0.10892857142857143 0.1450381679389313 0.16785714285714284
0 0.11641221374045801 0.5607142857142857 0.14122137404580154 0.16428571428571428
0 0.12786259541984732 0.34285714285714286 0.13358778625954199 0.15714285714285714
0 0.8759541984732825 0.32857142857142857 0.12595419847328243 0.15
0 0.37786259541984735 0.5571428571428572 0.1297709923664122 0.15